0b000301 0b000101 10000 100 500000 2000000000 555368 674880 6250000000
0b000b01 0b000101 10000 100 500000 2000000000 623196 674880 6250000000
0b000901 0b000101 10000 100 500000 2000000000 633433 674880 6250000000
0b000501 0b000101 10000 100 500000 2000000000 645185 674880 6250000000
0b000c01 0b000101 10000 100 500000 2000000000 650939 674880 6250000000
0b000a01 0b000101 10000 100 500000 2000000000 666094 674880 6250000000
0b000801 0b000101 10000 100 500000 2000000000 674833 674880 6250000000
0b000601 0b000101 10000 100 500000 2000000000 683885 674880 6250000000
0b000401 0b000101 10000 100 500000 2000000000 695540 674880 6250000000
0b000201 0b000101 10000 100 500000 2000000000 713456 674880 6250000000
0b000701 0b000101 10000 100 500000 2000000000 719485 674880 6250000000
0b001001 0b000101 10000 100 500000 2000000000 736877 674880 6250000000
0b000e01 0b000101 10000 100 500000 2000000000 739485 674880 6250000000
0b001101 0b000101 10000 100 500000 2000000000 746102 674880 6250000000
0b000d01 0b000101 10000 100 500000 2000000000 746358 674880 6250000000
0b000f01 0b000101 10000 100 500000 2000000000 746969 674880 6250000000
