0b010001 0b004f01 10000 100 4354 2000005363 12572 12607 100000000000
0b00e801 0b013d01 10000 100 3723 2000033360 12515 12553 100000000000
0b011401 0b00fc01 10000 100 44094 2000063643 16050 15940 100000000000
0b008101 0b006301 10000 100 12676 2000083558 13294 13304 100000000000
0b007601 0b002a01 10000 100 39754 2000094073 15675 15573 100000000000
0b000301 0b00a801 10000 100 31311 2000100326 17662 14867 100000000000
0b00a801 0b00ff01 10000 100 911998 2000028786 95536 88701 100000000000
0b011801 0b002a01 10000 100 48981 2000108930 16490 16346 100000000000
0b00c301 0b004501 10000 100 12491 2000113328 13279 13289 100000000000
0b00f801 0b000501 10000 100 135994 2000106920 24076 23641 100000000000
0b00d401 0b003b01 10000 100 23831 2000118615 14281 14238 100000000000
0b009601 0b00c801 10000 100 66195 2000115877 17953 17792 100000000000
0b006c01 0b010901 10000 100 103455 2000112836 21228 20915 100000000000
0b004a01 0b00ec01 10000 100 180466 2000110896 28041 27372 100000000000
0b013501 0b006001 10000 100 105900 2000121824 21403 21119 100000000000
0b010501 0b002501 10000 100 733576 2000075272 79211 73744 100000000000
0b001d01 0b00e401 10000 100 25299 2000140287 14414 14363 100000000000
0b003601 0b007a01 10000 100 15814 2000142486 13566 13566 100000000000
0b005701 0b007401 10000 100 29835 2000148612 10741 10702 100000000000
0b008501 0b00fd01 10000 100 56581 2000151393 17114 16985 100000000000
0b000701 0b004701 10000 100 30462 2000156957 15017 14796 100000000000
0b004401 0b011d01 10000 100 7458 2000169316 12841 12867 100000000000
0b00b701 0b00a801 10000 100 7175 2000182982 8775 8804 100000000000
0b00e001 0b00eb01 10000 100 117943 2000178909 14732 14048 100000000000
0b000301 0b003501 10000 100 936168 2000098844 97492 86691 100000000000
0b006301 0b010e01 10000 100 10589 2000186701 13950 13129 100000000000
0b00ca01 0b013301 10000 100 1644585 2000040448 163350 150123 100000000000
0b012501 0b00bc01 10000 100 4333 2000200206 12577 12605 100000000000
0b00ae01 0b00c501 10000 100 70698 2000203915 18342 18168 100000000000
0b001101 0b00bf01 10000 100 89022 2000206690 21854 19707 100000000000
0b012601 0b009e01 10000 100 9732 2000229020 13152 13056 100000000000
0b00b801 0b007801 10000 100 61612 2000232337 17587 17407 100000000000
0b013501 0b009201 10000 100 6772 2000240121 12779 12808 100000000000
0b001f01 0b00a001 10000 100 812379 2000176028 86346 80352 100000000000
0b00b201 0b010801 10000 100 36445 2000250891 15370 15297 100000000000
0b00b601 0b013801 10000 100 76347 2000249632 18860 18643 100000000000
0b00f301 0b00a801 10000 100 26300 2000256499 14482 14447 100000000000
0b005e01 0b006701 10000 100 1403718 2000138000 136844 125888 100000000000
0b00da01 0b002901 10000 100 2283359 2000054148 221303 203679 100000000000
0b010c01 0b008c01 10000 100 6302 2000273046 12761 12771 100000000000
0b006301 0b002c01 10000 100 3818 2000275220 12839 12560 100000000000
0b010f01 0b012801 10000 100 1192891 2000172683 117594 108212 100000000000
0b009301 0b002901 10000 100 15211 2000278166 13539 13518 100000000000
0b00b801 0b012f01 10000 100 43126 2000275869 15965 15859 100000000000
0b007601 0b001c01 10000 100 1696617 2000128108 171055 154485 100000000000
0b013801 0b009201 10000 100 4574 2000295057 12590 12625 100000000000
0b00b801 0b00f101 10000 100 88681 2000290082 19926 19676 100000000000
0b004601 0b007601 10000 100 1967605 2000113513 201469 173165 100000000000
0b00b501 0b00a401 10000 100 17717 2000314319 9688 9686 100000000000
0b00ce01 0b00fc01 10000 100 2076 2000329497 8332 8377 100000000000
0b00ac01 0b00db01 10000 100 8014 2000325790 12893 12915 100000000000
0b009d01 0b007501 10000 100 1019333 2000164632 181013 97703 100000000000
0b011001 0b00fa01 10000 100 39936 2000327496 22608 15588 100000000000
0b013201 0b009f01 10000 100 26391 2000336400 14506 14454 100000000000
0b001001 0b000101 10000 100 500000 2000000000 354466 50120 100000000000
0b00ba01 0b007d01 10000 100 64959 2000338924 17872 17686 100000000000
0b010401 0b011a01 10000 100 548 2000349890 8188 8247 100000000000
0b001101 0b000101 10000 100 500000 2000000000 364312 50120 100000000000
0b011001 0b013401 10000 100 1226651 2000174585 193077 111043 100000000000
0b005201 0b001001 10000 100 3173324 2000077429 306380 278294 100000000000
0b00ff01 0b007201 10000 100 1107814 2000274350 113680 105119 100000000000
0b00b301 0b008d01 10000 100 59608 2000374776 13333 13199 100000000000
0b005b01 0b004901 10000 100 1416290 2000246505 142066 126944 100000000000
0b008201 0b00f301 10000 100 860 2000379698 12265 12312 100000000000
0b004401 0b00b401 10000 100 173832 2000366280 27436 26814 100000000000
0b005c01 0b010701 10000 100 64739 2000378438 17823 17668 100000000000
0b00b401 0b011901 10000 100 50640 2000393539 17015 16487 100000000000
0b004e01 0b007901 10000 100 906889 2000325446 91293 84234 100000000000
0b013501 0b00d201 10000 100 6600 2000403692 13770 12794 100000000000
0b001901 0b011e01 10000 100 832 2000407436 12236 12310 100000000000
0b009501 0b006b01 10000 100 158532 2000412884 26061 25533 100000000000
0b00c501 0b010301 10000 100 25879 2000426607 14458 14410 100000000000
0b008001 0b008701 10000 100 14456 2000438962 5362 5374 100000000000
0b009301 0b004a01 10000 100 1522575 2000297311 151488 139894 100000000000
0b00fd01 0b011901 10000 100 427 2000437359 12171 12278 100000000000
0b000d01 0b00cb01 10000 100 16164 2000450666 13775 13598 100000000000
0b001501 0b00d201 10000 100 1677556 2000297993 166899 152888 100000000000
0b00a801 0b011701 10000 100 96741 2000449736 21641 20351 100000000000
0b001c01 0b00bc01 10000 100 760 2000461837 12681 12304 100000000000
0b010e01 0b006101 10000 100 3523 2000462535 12519 12537 100000000000
0b010901 0b008001 10000 100 9601 2000464694 13091 13046 100000000000
0b00d201 0b00e801 10000 100 10380 2000477853 9052 9072 100000000000
0b007601 0b00c801 10000 100 79685 2000468633 19123 18922 100000000000
0b006001 0b00d501 10000 100 1712641 2000162876 331997 155829 100000000000
0b00d801 0b00df01 10000 100 237 2000495214 4066 4182 100000000000
0b005d01 0b00fb01 10000 100 1506 2000495581 12323 12368 100000000000
0b00d101 0b006f01 10000 100 24680 2000495125 14355 14310 100000000000
0b003501 0b00ad01 10000 100 23004 2000496231 14217 14172 100000000000
0b010401 0b008301 10000 100 1982514 2000318876 196671 178455 100000000000
0b007001 0b012d01 10000 100 182770 2000490951 28255 27564 100000000000
0b013901 0b005301 10000 100 26030 2000509124 14460 14426 100000000000
0b002301 0b00d201 10000 100 69093 2000507359 18214 18036 100000000000
0b012901 0b001701 10000 100 1673 2000526014 12371 12381 100000000000
0b005301 0b007301 10000 100 107104 2000521893 26229 17183 100000000000
0b00f301 0b00b601 10000 100 253990 2000525640 34733 33534 100000000000
0b004301 0b005a01 10000 100 49709 2000549642 12492 12368 100000000000
0b007301 0b00f901 10000 100 59941 2000548039 17592 17265 100000000000
0b00c701 0b005e01 10000 100 95143 2000550645 20581 20220 100000000000
0b007501 0b013501 10000 100 1047446 2000371640 208265 100060 100000000000
0b012001 0b002501 10000 100 54566 2000566415 16959 16816 100000000000
0b000f01 0b00a901 10000 100 4943759 2000119515 469879 426725 100000000000
0b001d01 0b002701 10000 100 46767 2000581018 12215 12121 100000000000
0b000b01 0b012101 10000 100 26800 2000583073 14706 14487 100000000000
0b00b801 0b009e01 10000 100 802348 2000528002 88094 75471 100000000000
0b008101 0b002e01 10000 100 189679 2000588039 28906 28143 100000000000
0b013301 0b00bd01 10000 100 4805959 2000162582 454848 415171 100000000000
0b00d501 0b00c101 10000 100 8016 2000617259 8934 8875 100000000000
0b000a01 0b009601 10000 100 720366 2000549111 79258 72637 100000000000
0b007501 0b007b01 10000 100 3061624 2000080862 547649 260848 100000000000
0b001201 0b008101 10000 100 151077 2000604798 26547 24909 100000000000
0b00d001 0b000201 10000 100 1871615 2000449303 184347 169157 100000000000
0b008f01 0b00e401 10000 100 3156007 2000334783 301322 276843 100000000000
0b00e201 0b004401 10000 100 131366 2000618371 23662 23256 100000000000
0b00aa01 0b011701 10000 100 9637 2000634542 13048 13049 100000000000
0b00fe01 0b000501 10000 100 3051820 2000361822 293148 268105 100000000000
0b00c901 0b00fe01 10000 100 5755 2000646477 9075 8683 100000000000
0b00c801 0b00f801 10000 100 1505671 2000502626 153342 134436 100000000000
0b012c01 0b001401 10000 100 36384 2000659264 15387 15292 100000000000
0b002b01 0b002d01 10000 100 103577 2000675450 13357 12845 100000000000
0b005101 0b011c01 10000 100 393938 2000608286 80688 45268 100000000000
0b000601 0b000101 10000 100 500000 2000000000 689659 46080 100000000000
0b008f01 0b013401 10000 100 1648 2000685762 12335 12379 100000000000
0b004401 0b00fa01 10000 100 8716 2000689663 13652 12971 100000000000
0b00b001 0b007c01 10000 100 748004 2000593830 110364 74956 100000000000
0b006301 0b000001 10000 100 5661762 2000173182 531535 486923 100000000000
0b004601 0b00a801 10000 100 3251253 2000395179 311064 284827 100000000000
0b007901 0b009701 10000 100 26942 2000701088 14533 14499 100000000000
0b00cb01 0b012b01 10000 100 8835 2000703291 12981 12981 100000000000
0b000901 0b000101 10000 100 500000 2000000000 724727 46080 100000000000
0b00f401 0b003601 10000 100 95994 2000704788 20559 20288 100000000000
0b010901 0b004101 10000 100 1913687 2000538456 187501 172684 100000000000
0b000301 0b000101 10000 100 500000 2000000000 730593 46080 100000000000
0b00b201 0b008d01 10000 100 6515 2000724970 8716 8748 100000000000
0b000e01 0b000101 10000 100 500000 2000000000 742182 46080 100000000000
0b012a01 0b000a01 10000 100 27986 2000727100 16893 14586 100000000000
0b010d01 0b013001 10000 100 17204 2000734530 9843 9645 100000000000
0b00e701 0b00f301 10000 100 62956 2000730440 14213 13478 100000000000
0b009301 0b006401 10000 100 24392 2000730975 14331 14287 100000000000
0b000b01 0b00b401 10000 100 75806 2000727574 19220 18596 100000000000
0b011601 0b003801 10000 100 66840 2000732161 18050 17844 100000000000
0b000a01 0b000101 10000 100 500000 2000000000 750760 46080 100000000000
0b000c01 0b000101 10000 100 500000 2000000000 754297 46080 100000000000
0b001b01 0b003c01 10000 100 3872271 2000394582 363378 332854 100000000000
0b000801 0b000101 10000 100 500000 2000000000 761329 46080 100000000000
0b005101 0b00fa01 10000 100 3777986 2000372977 391627 328986 100000000000
0b012401 0b00ec01 10000 100 623931 2000696485 69271 64550 100000000000
0b000d01 0b000101 10000 100 500000 2000000000 768939 46080 100000000000
0b000201 0b000101 10000 100 500000 2000000000 769684 46080 100000000000
0b005e01 0b005301 10000 100 2227208 2000564268 208713 190892 100000000000
0b000701 0b000101 10000 100 500000 2000000000 774185 46080 100000000000
0b000f01 0b000101 10000 100 500000 2000000000 776834 46080 100000000000
0b009801 0b008f01 10000 100 7523 2000768986 8899 8832 100000000000
0b000b01 0b000101 10000 100 500000 2000000000 779643 46080 100000000000
0b000401 0b000101 10000 100 500000 2000000000 780896 46080 100000000000
0b000501 0b000101 10000 100 500000 2000000000 780990 46080 100000000000
0b004c01 0b00c901 10000 100 40949 2000765438 16062 15673 100000000000
0b00eb01 0b00d701 10000 100 43555 2000775149 11937 11853 100000000000
0b000301 0b00c401 10000 100 22679 2000773639 14183 14142 100000000000
0b009e01 0b00ce01 10000 100 33857 2000778244 18067 15079 100000000000
0b005801 0b011d01 10000 100 91581 2000777048 20452 19919 100000000000
0b00e401 0b008501 10000 100 33306 2000783782 15091 15035 100000000000
0b008f01 0b010501 10000 100 429573 2000748457 51280 48257 100000000000
0b012201 0b00db01 10000 100 25856 2000786182 14455 14408 100000000000
0b011d01 0b00b501 10000 100 2520603 2000524507 281097 223568 100000000000
0b003701 0b00d101 10000 100 66879 2000793492 18027 17847 100000000000
0b00fe01 0b00cf01 10000 100 31789 2000802333 10912 10866 100000000000
0b003a01 0b002601 10000 100 168706 2000790804 23112 22345 100000000000
0b00e901 0b005901 10000 100 24110 2000804639 14528 14264 100000000000
0b00e101 0b00ea01 10000 100 29536 2000825739 6674 6638 100000000000
0b00d501 0b013301 10000 100 149220 2000801769 38422 24753 100000000000
0b007101 0b007501 10000 100 1446475 2000580584 263673 125434 100000000000
0b011a01 0b011401 10000 100 29184 2000841020 6645 6609 100000000000
0b00d001 0b005b01 10000 100 1465 2000844500 12369 12364 100000000000
0b001801 0b000001 10000 100 122935 2000841512 18944 18507 100000000000
0b004801 0b00c501 10000 100 139916 2000844433 25592 23970 100000000000
0b007201 0b00f001 10000 100 59843 2000856215 17400 17257 100000000000
0b005201 0b007401 10000 100 38210 2000862515 11493 11406 100000000000
0b008401 0b00ad01 10000 100 1106941 2000770735 109721 101006 100000000000
0b004301 0b00cd01 10000 100 51 2000868805 12064 12247 100000000000
0b006c01 0b006001 10000 100 34764 2000874829 8084 7075 100000000000
0b005901 0b005401 10000 100 3368919 2000570145 313421 286610 100000000000
0b004a01 0b010001 10000 100 23387 2000875922 14228 14203 100000000000
0b000201 0b011a01 10000 100 37878 2000881135 15535 15416 100000000000
0b009001 0b011301 10000 100 1228097 2000783526 124616 115207 100000000000
0b000501 0b007b01 10000 100 67597 2000890549 20943 17908 100000000000
0b002401 0b00b101 10000 100 8059 2000900092 13572 12919 100000000000
0b00a001 0b00c701 10000 100 134780 2000879214 35624 23540 100000000000
0b004d01 0b006501 10000 100 41504 2000901121 16115 11681 100000000000
0b011e01 0b00fd01 10000 100 68671 2000899383 18184 17998 100000000000
0b005001 0b003e01 10000 100 38133 2000907076 15538 15440 100000000000
0b00e501 0b002c01 10000 100 2756 2000915323 12430 12472 100000000000
0b013901 0b000201 10000 100 186277 2000908141 29766 27860 100000000000
0b005b01 0b004d01 10000 100 1937007 2000754521 186713 170602 100000000000
0b00ef01 0b010201 10000 100 43247 2000929932 16322 15868 100000000000
0b005801 0b00ac01 10000 100 5629 2000933558 13061 12713 100000000000
0b001101 0b012901 10000 100 7042072 2000290512 661170 602650 100000000000
0b002301 0b006301 10000 100 1706 2000941263 12431 12384 100000000000
0b00e801 0b00f101 10000 100 23782 2000943691 10233 10194 100000000000
0b011e01 0b00f201 10000 100 9660 2000942633 13057 13051 100000000000
0b004b01 0b001301 10000 100 3606442 2000185033 773561 314606 100000000000
0b005e01 0b002001 10000 100 39907 2000943363 15661 15586 100000000000
0b00fe01 0b010f01 10000 100 65291 2000943261 18148 17716 100000000000
0b006101 0b002b01 10000 100 8020 2000952601 13056 12916 100000000000
0b000201 0b00fa01 10000 100 623033 2000896855 69017 64478 100000000000
0b008b01 0b010601 10000 100 77897 2000946986 18994 18771 100000000000
0b001201 0b013a01 10000 100 79118 2000948537 19809 18876 100000000000
0b006701 0b005801 10000 100 20763 2000959409 9956 9941 100000000000
0b00d201 0b00dd01 10000 100 19318 2000963948 5786 5782 100000000000
0b00c101 0b00d101 10000 100 114118 2000952283 18151 17771 100000000000
0b00d201 0b012101 10000 100 27684 2000975388 14635 14562 100000000000
0b000601 0b011401 10000 100 41183 2000982280 16060 15695 100000000000
0b010f01 0b00e001 10000 100 7725 2000986601 12863 12888 100000000000
0b00b701 0b00d001 10000 100 42499 2000983849 15890 15805 100000000000
0b009e01 0b010d01 10000 100 9047163 2000152395 848368 770757 100000000000
0b006d01 0b005b01 10000 100 41949 2000989665 11795 11717 100000000000
0b004401 0b000f01 10000 100 47630 2000988222 16373 16234 100000000000
0b004101 0b009a01 10000 100 84627 2000990256 19605 19336 100000000000
0b000101 0b00a501 10000 100 4931039 2000553012 467700 425662 100000000000
0b003e01 0b001201 10000 100 13797 2001012918 10454 9357 100000000000
0b00a801 0b005c01 10000 100 8417 2001015263 13545 12947 100000000000
0b00bd01 0b001201 10000 100 20118 2001019551 16540 13930 100000000000
0b011001 0b010401 10000 100 7942276 2000210387 826006 674083 100000000000
0b00ef01 0b008601 10000 100 4888 2001025342 12615 12650 100000000000
0b00a201 0b007b01 10000 100 6178028 2000072905 965194 530209 100000000000
0b007501 0b010101 10000 100 442042 2000954060 96208 49304 100000000000
0b003301 0b00ea01 10000 100 446765 2000997603 52923 49697 100000000000
0b002f01 0b00a801 10000 100 4409 2001039598 12599 12611 100000000000
0b002401 0b009b01 10000 100 1887198 2000873212 185154 170465 100000000000
0b012601 0b004c01 10000 100 2617541 2000810101 253220 231696 100000000000
0b008a01 0b005701 10000 100 1727271 2000898052 170299 157057 100000000000
0b00f301 0b011001 10000 100 51811 2001048085 20813 16584 100000000000
0b013c01 0b001a01 10000 100 25351 2001057143 14430 14367 100000000000
0b00be01 0b013901 10000 100 66025 2001054614 17960 17779 100000000000
0b00d301 0b00b001 10000 100 2127868 2000861309 213824 190640 100000000000
0b004201 0b012001 10000 100 1808026 2000906239 177721 163828 100000000000
0b00a401 0b009201 10000 100 1931562 2000904971 185245 170143 100000000000
0b00bb01 0b012c01 10000 100 3784803 2000744071 358988 329558 100000000000
0b004e01 0b011901 10000 100 1162799 2000917294 186204 109729 100000000000
0b011401 0b010801 10000 100 2771680 2000850090 262464 240578 100000000000
0b00f801 0b010d01 10000 100 843900 2000977717 135795 82992 100000000000
0b010e01 0b001201 10000 100 5618196 2000592064 534817 483272 100000000000
0b00d701 0b004b01 10000 100 1155936 2001016805 127704 109153 100000000000
0b00bc01 0b00d501 10000 100 9278535 2000140314 1058521 790154 100000000000
0b011801 0b007301 10000 100 8140491 2000424707 776460 694740 100000000000
0b002001 0b012601 10000 100 1651885 2001038594 165208 150734 100000000000
0b004901 0b007701 10000 100 9609969 2000322349 890743 813899 100000000000
0b004d01 0b00cd01 10000 100 2322363 2000898658 442052 206949 100000000000
0b00b001 0b00bc01 10000 100 3790281 2000524693 830552 321939 100000000000
0b003101 0b007501 10000 100 9609492 2000207336 1153149 817901 100000000000
0b00a201 0b013f01 10000 100 4757816 2000865069 522632 411136 100000000000
0b00a801 0b004801 10000 100 7055601 2000754723 661056 603783 100000000000
0b00cd01 0b013301 10000 100 9928939 2000507600 977884 844682 100000000000
0b00f801 0b00bc01 10000 100 6755897 2000450690 1060372 578654 100000000000
0b004e01 0b00fe01 10000 100 3637226 2000933518 626258 317188 100000000000
0b010201 0b00de01 10000 100 9083985 2000725223 845075 773841 100000000000
0b00a601 0b011101 10000 100 8290689 2000767563 806459 707332 100000000000
0b002901 0b00fe01 10000 100 3147120 2000994781 615996 276097 100000000000
0b002701 0b00ac01 10000 100 8428570 2000861738 785698 718892 100000000000
0b011101 0b00cd01 10000 100 5519361 2000870401 789672 474985 100000000000
0b013201 0b006301 10000 100 8596006 2000896947 869058 732932 100000000000
0b00a001 0b00b501 10000 100 12669304 2000722520 1228209 1070397 100000000000
0b003901 0b011001 10000 100 11653835 2000932184 1100667 989298 100000000000
0b00d401 0b006101 10000 100 13962033 2000831053 1292566 1182820 100000000000
0b004b01 0b006001 10000 100 8587448 2000544708 1644338 728173 100000000000
0b013501 0b00e701 10000 100 20250035 2000327620 1869919 1710006 100000000000
0b006301 0b011c01 10000 100 17181090 2000701852 1603942 1452706 100000000000
0b00c901 0b000a01 10000 100 21546858 2000645282 1994152 1818729 100000000000
0b011901 0b003201 10000 100 25300539 2000377804 2332782 2133438 100000000000
0b001f01 0b010101 10000 100 21824419 2000711706 2065920 1842001 100000000000
0b004b01 0b002f01 10000 100 19078435 2000062387 2778410 1611778 100000000000
