318
319 1 3 100 500000 2
318 1 3 100 500000 2
317 1 3 100 500000 2
316 1 3 100 500000 2
315 1 3 100 500000 2
314 1 3 100 500000 2
313 1 3 100 500000 2
312 1 3 100 500000 2
311 1 3 100 500000 2
310 1 3 100 500000 2
309 1 3 100 500000 2
308 1 3 100 500000 2
307 1 3 100 500000 2
306 1 3 100 500000 2
305 1 3 100 500000 2
304 1 3 100 500000 2
303 1 3 100 500000 2
302 1 3 100 500000 2
301 1 3 100 500000 2
300 1 3 100 500000 2
299 1 3 100 500000 2
298 1 3 100 500000 2
297 1 3 100 500000 2
296 1 3 100 500000 2
295 1 3 100 500000 2
294 1 3 100 500000 2
293 1 3 100 500000 2
292 1 3 100 500000 2
291 1 3 100 500000 2
290 1 3 100 500000 2
289 1 3 100 500000 2
288 1 3 100 500000 2
287 1 3 100 500000 2
286 1 3 100 500000 2
285 1 3 100 500000 2
284 1 3 100 500000 2
283 1 3 100 500000 2
282 1 3 100 500000 2
281 1 3 100 500000 2
280 1 3 100 500000 2
279 1 3 100 500000 2
278 1 3 100 500000 2
277 1 3 100 500000 2
276 1 3 100 500000 2
275 1 3 100 500000 2
274 1 3 100 500000 2
273 1 3 100 500000 2
272 1 3 100 500000 2
271 1 3 100 500000 2
270 1 3 100 500000 2
269 1 3 100 500000 2
268 1 3 100 500000 2
267 1 3 100 500000 2
266 1 3 100 500000 2
265 1 3 100 500000 2
264 1 3 100 500000 2
263 1 3 100 500000 2
262 1 3 100 500000 2
261 1 3 100 500000 2
260 1 3 100 500000 2
259 1 3 100 500000 2
258 1 3 100 500000 2
257 1 3 100 500000 2
256 1 3 100 50000 2
256 79 3 100 4354 2.000005363
168 255 3 100 911998 2.000028786
232 317 3 100 3723 2.000033361
202 307 3 100 1644585 2.000040448
218 41 3 100 2283359 2.000054149
75 47 3 100 19078435 2.000062388
276 252 3 100 44094 2.000063644
162 123 3 100 6178028 2.000072905
261 37 3 100 733576 2.000075272
82 16 3 100 3173324 2.000077429
117 123 3 100 3061624 2.000080863
129 99 3 100 12676 2.000083558
118 42 3 100 39754 2.000094073
3 53 3 100 936168 2.000098844
3 168 3 100 31311 2.000100326
248 5 3 100 135994 2.000106921
280 42 3 100 48981 2.000108930
74 236 3 100 180466 2.000110897
108 265 3 100 103455 2.000112836
195 69 3 100 12491 2.000113329
70 118 3 100 1967605 2.000113513
150 200 3 100 66195 2.000115878
212 59 3 100 23831 2.000118616
15 169 3 100 4943759 2.000119516
309 96 3 100 105900 2.000121825
118 28 3 100 1696617 2.000128108
94 103 3 100 1403718 2.000138001
29 228 3 100 25299 2.000140288
188 213 3 100 9278535 2.000140315
54 122 3 100 15814 2.000142486
87 116 3 100 29835 2.000148613
133 253 3 100 56581 2.000151394
158 269 3 100 9047163 2.000152395
7 71 3 100 30462 2.000156958
307 189 3 100 4805959 2.000162582
96 213 3 100 1712641 2.000162876
157 117 3 100 1019333 2.000164632
68 285 3 100 7458 2.000169316
271 296 3 100 1192891 2.000172683
99 0 3 100 5661762 2.000173183
272 308 3 100 1226651 2.000174586
31 160 3 100 812379 2.000176029
224 235 3 100 117943 2.000178909
183 168 3 100 7175 2.000182982
75 19 3 100 3606442 2.000185033
99 270 3 100 10589 2.000186701
293 188 3 100 4333 2.000200207
174 197 3 100 70698 2.000203915
17 191 3 100 89022 2.000206690
49 117 3 100 9609492 2.000207337
272 260 3 100 7942276 2.000210387
294 158 3 100 9732 2.000229021
184 120 3 100 61612 2.000232338
309 146 3 100 6772 2.000240121
91 73 3 100 1416290 2.000246506
182 312 3 100 76347 2.000249632
178 264 3 100 36445 2.000250892
243 168 3 100 26300 2.000256500
268 140 3 100 6302 2.000273046
255 114 3 100 1107814 2.000274351
99 44 3 100 3818 2.000275221
184 303 3 100 43126 2.000275870
147 41 3 100 15211 2.000278166
184 241 3 100 88681 2.000290083
17 297 3 100 7042072 2.000290513
312 146 3 100 4574 2.000295057
147 74 3 100 1522575 2.000297312
21 210 3 100 1677556 2.000297994
181 164 3 100 17717 2.000314319
260 131 3 100 1982514 2.000318876
73 119 3 100 9609969 2.000322349
78 121 3 100 906889 2.000325447
172 219 3 100 8014 2.000325791
272 250 3 100 39936 2.000327496
309 231 3 100 20250035 2.000327621
206 252 3 100 2076 2.000329497
143 228 3 100 3156007 2.000334783
306 159 3 100 26391 2.000336400
186 125 3 100 64959 2.000338925
260 282 3 100 548 2.000349891
254 5 3 100 3051820 2.000361823
68 180 3 100 173832 2.000366280
117 309 3 100 1047446 2.000371640
81 250 3 100 3777986 2.000372977
179 141 3 100 59608 2.000374776
281 50 3 100 25300539 2.000377805
92 263 3 100 64739 2.000378439
130 243 3 100 860 2.000379698
180 281 3 100 50640 2.000393539
27 60 3 100 3872271 2.000394582
70 168 3 100 3251253 2.000395180
309 210 3 100 6600 2.000403693
25 286 3 100 832 2.000407437
149 107 3 100 158532 2.000412884
280 115 3 100 8140491 2.000424707
197 259 3 100 25879 2.000426607
253 281 3 100 427 2.000437359
128 135 3 100 14456 2.000438962
208 2 3 100 1871615 2.000449304
168 279 3 100 96741 2.000449736
13 203 3 100 16164 2.000450667
248 188 3 100 6755897 2.000450690
28 188 3 100 760 2.000461837
270 97 3 100 3523 2.000462535
265 128 3 100 9601 2.000464695
118 200 3 100 79685 2.000468633
210 232 3 100 10380 2.000477853
112 301 3 100 182770 2.000490951
209 111 3 100 24680 2.000495125
216 223 3 100 237 2.000495215
93 251 3 100 1506 2.000495581
53 173 3 100 23004 2.000496231
200 248 3 100 1505671 2.000502627
35 210 3 100 69093 2.000507359
205 307 3 100 9928939 2.000507600
313 83 3 100 26030 2.000509124
83 115 3 100 107104 2.000521893
285 181 3 100 2520603 2.000524507
176 188 3 100 3790281 2.000524693
243 182 3 100 253990 2.000525640
297 23 3 100 1673 2.000526014
184 158 3 100 802348 2.000528003
265 65 3 100 1913687 2.000538456
75 96 3 100 8587448 2.000544708
115 249 3 100 59941 2.000548040
10 150 3 100 720366 2.000549111
67 90 3 100 49709 2.000549642
199 94 3 100 95143 2.000550645
1 165 3 100 4931039 2.000553012
94 83 3 100 2227208 2.000564269
288 37 3 100 54566 2.000566416
89 84 3 100 3368919 2.000570145
113 117 3 100 1446475 2.000580585
29 39 3 100 46767 2.000581018
11 289 3 100 26800 2.000583073
129 46 3 100 189679 2.000588040
270 18 3 100 5618196 2.000592064
176 124 3 100 748004 2.000593830
18 129 3 100 151077 2.000604799
81 284 3 100 393938 2.000608287
213 193 3 100 8016 2.000617260
226 68 3 100 131366 2.000618372
170 279 3 100 9637 2.000634543
201 10 3 100 21546858 2.000645283
201 254 3 100 5755 2.000646477
300 20 3 100 36384 2.000659265
43 45 3 100 103577 2.000675450
143 308 3 100 1648 2.000685763
68 250 3 100 8716 2.000689664
292 236 3 100 623931 2.000696485
121 151 3 100 26942 2.000701088
99 284 3 100 17181090 2.000701852
203 299 3 100 8835 2.000703292
244 54 3 100 95994 2.000704788
31 257 3 100 21824419 2.000711707
160 181 3 100 12669304 2.000722520
178 141 3 100 6515 2.000724971
258 222 3 100 9083985 2.000725224
298 10 3 100 27986 2.000727100
11 180 3 100 75806 2.000727575
231 243 3 100 62956 2.000730441
147 100 3 100 24392 2.000730976
278 56 3 100 66840 2.000732161
269 304 3 100 17204 2.000734531
187 300 3 100 3784803 2.000744071
143 261 3 100 429573 2.000748458
91 77 3 100 1937007 2.000754522
168 72 3 100 7055601 2.000754723
76 201 3 100 40949 2.000765438
166 273 3 100 8290689 2.000767563
152 143 3 100 7523 2.000768987
132 173 3 100 1106941 2.000770735
3 196 3 100 22679 2.000773639
235 215 3 100 43555 2.000775150
88 285 3 100 91581 2.000777049
158 206 3 100 33857 2.000778244
144 275 3 100 1228097 2.000783526
228 133 3 100 33306 2.000783782
290 219 3 100 25856 2.000786182
58 38 3 100 168706 2.000790804
55 209 3 100 66879 2.000793492
213 307 3 100 149220 2.000801770
254 207 3 100 31789 2.000802333
233 89 3 100 24110 2.000804639
294 76 3 100 2617541 2.000810102
225 234 3 100 29536 2.000825739
212 97 3 100 13962033 2.000831053
282 276 3 100 29184 2.000841020
24 0 3 100 122935 2.000841512
72 197 3 100 139916 2.000844433
208 91 3 100 1465 2.000844501
276 264 3 100 2771680 2.000850090
114 240 3 100 59843 2.000856215
211 176 3 100 2127868 2.000861310
39 172 3 100 8428570 2.000861739
82 116 3 100 38210 2.000862515
162 319 3 100 4757816 2.000865069
67 205 3 100 51 2.000868805
273 205 3 100 5519361 2.000870402
36 155 3 100 1887198 2.000873212
108 96 3 100 34764 2.000874830
74 256 3 100 23387 2.000875922
160 199 3 100 134780 2.000879215
2 282 3 100 37878 2.000881135
5 123 3 100 67597 2.000890550
2 250 3 100 623033 2.000896856
306 99 3 100 8596006 2.000896948
138 87 3 100 1727271 2.000898052
77 205 3 100 2322363 2.000898658
286 253 3 100 68671 2.000899384
36 177 3 100 8059 2.000900093
77 101 3 100 41504 2.000901121
164 146 3 100 1931562 2.000904972
66 288 3 100 1808026 2.000906240
80 62 3 100 38133 2.000907077
313 2 3 100 186277 2.000908141
229 44 3 100 2756 2.000915323
78 281 3 100 1162799 2.000917294
239 258 3 100 43247 2.000929932
57 272 3 100 11653835 2.000932185
78 254 3 100 3637226 2.000933518
88 172 3 100 5629 2.000933559
35 99 3 100 1706 2.000941263
286 242 3 100 9660 2.000942634
254 271 3 100 65291 2.000943261
94 32 3 100 39907 2.000943363
232 241 3 100 23782 2.000943692
139 262 3 100 77897 2.000946986
18 314 3 100 79118 2.000948537
193 209 3 100 114118 2.000952284
97 43 3 100 8020 2.000952602
117 257 3 100 442042 2.000954061
103 88 3 100 20763 2.000959409
210 221 3 100 19318 2.000963949
210 289 3 100 27684 2.000975388
248 269 3 100 843900 2.000977717
6 276 3 100 41183 2.000982280
183 208 3 100 42499 2.000983850
271 224 3 100 7725 2.000986602
68 15 3 100 47630 2.000988223
109 91 3 100 41949 2.000989665
65 154 3 100 84627 2.000990256
41 254 3 100 3147120 2.000994782
51 234 3 100 446765 2.000997603
62 18 3 100 13797 2.001012919
168 92 3 100 8417 2.001015264
215 75 3 100 1155936 2.001016806
189 18 3 100 20118 2.001019552
239 134 3 100 4888 2.001025342
32 294 3 100 1651885 2.001038594
47 168 3 100 4409 2.001039599
243 272 3 100 51811 2.001048086
190 313 3 100 66025 2.001054614
316 26 3 100 25351 2.001057143