1
2 1 3 100 200000000 2
3 1 3 100 200000000 2
4 1 3 100 150000000 2
5 1 3 100 5000000 2
6 1 3 100 5000000 2
7 1 3 100 5000000 2
8 1 3 100 5000000 2
9 1 3 100 5000000 2
10 1 3 100 5000000 2
11 1 3 100 5000000 2
12 1 3 100 5000000 2
13 1 3 100 5000000 2
14 1 3 100 5000000 2
15 1 3 100 5000000 2
16 1 3 100 5000000 2
17 1 3 100 5000000 2
18 1 3 100 5000000 2
19 1 3 100 5000000 2
20 1 3 100 5000000 2
21 1 3 100 5000000 2
22 1 3 100 5000000 2
23 1 3 100 5000000 2
24 1 3 100 5000000 2
25 1 3 100 5000000 2
26 1 3 100 5000000 2
27 1 3 100 5000000 2
28 1 3 100 5000000 2
29 1 3 100 5000000 2
30 1 3 100 5000000 2
31 1 3 100 5000000 2
32 1 3 100 5000000 2
33 1 3 100 5000000 2
34 1 3 100 5000000 2
35 1 3 100 5000000 2
36 1 3 100 5000000 2
37 1 3 100 5000000 2
38 1 3 100 5000000 2
39 1 3 100 5000000 2
40 1 3 100 5000000 2
41 1 3 100 5000000 2
42 1 3 100 5000000 2
43 1 3 100 5000000 2
44 1 3 100 5000000 2
45 1 3 100 5000000 2
46 1 3 100 5000000 2
47 1 3 100 5000000 2
48 1 3 100 5000000 2
49 1 3 100 5000000 2
50 1 3 100 5000000 2
51 1 3 100 5000000 2
52 1 3 100 5000000 2
53 1 3 100 5000000 2
54 1 3 100 5000000 2
55 1 3 100 5000000 2
56 1 3 100 5000000 2
57 1 3 100 5000000 2
58 1 3 100 5000000 2
59 1 3 100 5000000 2
60 1 3 100 5000000 2
61 1 3 100 5000000 2
62 1 3 100 5000000 2
63 1 3 100 5000000 2
64 1 3 100 5000000 2
65 1 3 100 5000000 2
2 1 3 100 200000000 2.1
3 1 3 100 200000000 2.1
4 1 3 100 150000000 2.1
5 1 3 100 5000000 2.1
6 1 3 100 5000000 2.1
7 1 3 100 5000000 2.1
8 1 3 100 5000000 2.1
9 1 3 100 5000000 2.1
10 1 3 100 5000000 2.1
11 1 3 100 5000000 2.1
12 1 3 100 5000000 2.1
13 1 3 100 5000000 2.1
14 1 3 100 5000000 2.1
15 1 3 100 5000000 2.1
16 1 3 100 5000000 2.1
17 1 3 100 5000000 2.1
18 1 3 100 5000000 2.1
19 1 3 100 5000000 2.1
20 1 3 100 5000000 2.1
21 1 3 100 5000000 2.1
22 1 3 100 5000000 2.1
23 1 3 100 5000000 2.1
24 1 3 100 5000000 2.1
25 1 3 100 5000000 2.1
26 1 3 100 5000000 2.1
27 1 3 100 5000000 2.1
28 1 3 100 5000000 2.1
29 1 3 100 5000000 2.1
30 1 3 100 5000000 2.1
31 1 3 100 5000000 2.1
32 1 3 100 5000000 2.1
33 1 3 100 5000000 2.1
34 1 3 100 5000000 2.1
35 1 3 100 5000000 2.1
36 1 3 100 5000000 2.1
37 1 3 100 5000000 2.1
38 1 3 100 5000000 2.1
39 1 3 100 5000000 2.1
40 1 3 100 5000000 2.1
41 1 3 100 5000000 2.1
42 1 3 100 5000000 2.1
43 1 3 100 5000000 2.1
44 1 3 100 5000000 2.1
45 1 3 100 5000000 2.1
46 1 3 100 5000000 2.1
47 1 3 100 5000000 2.1
48 1 3 100 5000000 2.1
49 1 3 100 5000000 2.1
50 1 3 100 5000000 2.1
51 1 3 100 5000000 2.1
52 1 3 100 5000000 2.1
53 1 3 100 5000000 2.1
54 1 3 100 5000000 2.1
55 1 3 100 5000000 2.1
56 1 3 100 5000000 2.1
57 1 3 100 5000000 2.1
58 1 3 100 5000000 2.1
59 1 3 100 5000000 2.1
60 1 3 100 5000000 2.1
61 1 3 100 5000000 2.1
62 1 3 100 5000000 2.1
63 1 3 100 5000000 2.1
64 1 3 100 5000000 2.1
65 1 3 100 5000000 2.1
2 1 3 100 200000000 2.2
3 1 3 100 200000000 2.2
4 1 3 100 150000000 2.2
5 1 3 100 5000000 2.2
6 1 3 100 5000000 2.2
7 1 3 100 5000000 2.2
8 1 3 100 5000000 2.2
9 1 3 100 5000000 2.2
10 1 3 100 5000000 2.2
11 1 3 100 5000000 2.2
12 1 3 100 5000000 2.2
13 1 3 100 5000000 2.2
14 1 3 100 5000000 2.2
15 1 3 100 5000000 2.2
16 1 3 100 5000000 2.2
17 1 3 100 5000000 2.2
18 1 3 100 5000000 2.2
19 1 3 100 5000000 2.2
20 1 3 100 5000000 2.2
21 1 3 100 5000000 2.2
22 1 3 100 5000000 2.2
23 1 3 100 5000000 2.2
24 1 3 100 5000000 2.2
25 1 3 100 5000000 2.2
26 1 3 100 5000000 2.2
27 1 3 100 5000000 2.2
28 1 3 100 5000000 2.2
29 1 3 100 5000000 2.2
30 1 3 100 5000000 2.2
31 1 3 100 5000000 2.2
32 1 3 100 5000000 2.2
33 1 3 100 5000000 2.2
34 1 3 100 5000000 2.2
35 1 3 100 5000000 2.2
36 1 3 100 5000000 2.2
37 1 3 100 5000000 2.2
38 1 3 100 5000000 2.2
39 1 3 100 5000000 2.2
40 1 3 100 5000000 2.2
41 1 3 100 5000000 2.2
42 1 3 100 5000000 2.2
43 1 3 100 5000000 2.2
44 1 3 100 5000000 2.2
45 1 3 100 5000000 2.2
46 1 3 100 5000000 2.2
47 1 3 100 5000000 2.2
48 1 3 100 5000000 2.2
49 1 3 100 5000000 2.2
50 1 3 100 5000000 2.2
51 1 3 100 5000000 2.2
52 1 3 100 5000000 2.2
53 1 3 100 5000000 2.2
54 1 3 100 5000000 2.2
55 1 3 100 5000000 2.2
56 1 3 100 5000000 2.2
57 1 3 100 5000000 2.2
58 1 3 100 5000000 2.2
59 1 3 100 5000000 2.2
60 1 3 100 5000000 2.2
61 1 3 100 5000000 2.2
62 1 3 100 5000000 2.2
63 1 3 100 5000000 2.2
64 1 3 100 5000000 2.2
65 1 3 100 5000000 2.2
2 1 3 100 200000000 2.3
3 1 3 100 200000000 2.3
4 1 3 100 150000000 2.3
5 1 3 100 5000000 2.3
6 1 3 100 5000000 2.3
7 1 3 100 5000000 2.3
8 1 3 100 5000000 2.3
9 1 3 100 5000000 2.3
10 1 3 100 5000000 2.3
11 1 3 100 5000000 2.3
12 1 3 100 5000000 2.3
13 1 3 100 5000000 2.3
14 1 3 100 5000000 2.3
15 1 3 100 5000000 2.3
16 1 3 100 5000000 2.3
17 1 3 100 5000000 2.3
18 1 3 100 5000000 2.3
19 1 3 100 5000000 2.3
20 1 3 100 5000000 2.3
21 1 3 100 5000000 2.3
22 1 3 100 5000000 2.3
23 1 3 100 5000000 2.3
24 1 3 100 5000000 2.3
25 1 3 100 5000000 2.3
26 1 3 100 5000000 2.3
27 1 3 100 5000000 2.3
28 1 3 100 5000000 2.3
29 1 3 100 5000000 2.3
30 1 3 100 5000000 2.3
31 1 3 100 5000000 2.3
32 1 3 100 5000000 2.3
33 1 3 100 5000000 2.3
34 1 3 100 5000000 2.3
35 1 3 100 5000000 2.3
36 1 3 100 5000000 2.3
37 1 3 100 5000000 2.3
38 1 3 100 5000000 2.3
39 1 3 100 5000000 2.3
40 1 3 100 5000000 2.3
41 1 3 100 5000000 2.3
42 1 3 100 5000000 2.3
43 1 3 100 5000000 2.3
44 1 3 100 5000000 2.3
45 1 3 100 5000000 2.3
46 1 3 100 5000000 2.3
47 1 3 100 5000000 2.3
48 1 3 100 5000000 2.3
49 1 3 100 5000000 2.3
50 1 3 100 5000000 2.3
51 1 3 100 5000000 2.3
52 1 3 100 5000000 2.3
53 1 3 100 5000000 2.3
54 1 3 100 5000000 2.3
55 1 3 100 5000000 2.3
56 1 3 100 5000000 2.3
57 1 3 100 5000000 2.3
58 1 3 100 5000000 2.3
59 1 3 100 5000000 2.3
60 1 3 100 5000000 2.3
61 1 3 100 5000000 2.3
62 1 3 100 5000000 2.3
63 1 3 100 5000000 2.3
64 1 3 100 5000000 2.3
65 1 3 100 5000000 2.3
2 1 3 100 200000000 2.4
3 1 3 100 200000000 2.4
4 1 3 100 150000000 2.4
5 1 3 100 5000000 2.4
6 1 3 100 5000000 2.4
7 1 3 100 5000000 2.4
8 1 3 100 5000000 2.4
9 1 3 100 5000000 2.4
10 1 3 100 5000000 2.4
11 1 3 100 5000000 2.4
12 1 3 100 5000000 2.4
13 1 3 100 5000000 2.4
14 1 3 100 5000000 2.4
15 1 3 100 5000000 2.4
16 1 3 100 5000000 2.4
17 1 3 100 5000000 2.4
18 1 3 100 5000000 2.4
19 1 3 100 5000000 2.4
20 1 3 100 5000000 2.4
21 1 3 100 5000000 2.4
22 1 3 100 5000000 2.4
23 1 3 100 5000000 2.4
24 1 3 100 5000000 2.4
25 1 3 100 5000000 2.4
26 1 3 100 5000000 2.4
27 1 3 100 5000000 2.4
28 1 3 100 5000000 2.4
29 1 3 100 5000000 2.4
30 1 3 100 5000000 2.4
31 1 3 100 5000000 2.4
32 1 3 100 5000000 2.4
33 1 3 100 5000000 2.4
34 1 3 100 5000000 2.4
35 1 3 100 5000000 2.4
36 1 3 100 5000000 2.4
37 1 3 100 5000000 2.4
38 1 3 100 5000000 2.4
39 1 3 100 5000000 2.4
40 1 3 100 5000000 2.4
41 1 3 100 5000000 2.4
42 1 3 100 5000000 2.4
43 1 3 100 5000000 2.4
44 1 3 100 5000000 2.4
45 1 3 100 5000000 2.4
46 1 3 100 5000000 2.4
47 1 3 100 5000000 2.4
48 1 3 100 5000000 2.4
49 1 3 100 5000000 2.4
50 1 3 100 5000000 2.4
51 1 3 100 5000000 2.4
52 1 3 100 5000000 2.4
53 1 3 100 5000000 2.4
54 1 3 100 5000000 2.4
55 1 3 100 5000000 2.4
56 1 3 100 5000000 2.4
57 1 3 100 5000000 2.4
58 1 3 100 5000000 2.4
59 1 3 100 5000000 2.4
60 1 3 100 5000000 2.4
61 1 3 100 5000000 2.4
62 1 3 100 5000000 2.4
63 1 3 100 5000000 2.4
64 1 3 100 5000000 2.4
65 1 3 100 5000000 2.4
2 1 3 100 200000000 2.5
3 1 3 100 200000000 2.5
4 1 3 100 150000000 2.5
5 1 3 100 5000000 2.5
6 1 3 100 5000000 2.5
7 1 3 100 5000000 2.5
8 1 3 100 5000000 2.5
9 1 3 100 5000000 2.5
10 1 3 100 5000000 2.5
11 1 3 100 5000000 2.5
12 1 3 100 5000000 2.5
13 1 3 100 5000000 2.5
14 1 3 100 5000000 2.5
15 1 3 100 5000000 2.5
16 1 3 100 5000000 2.5
17 1 3 100 5000000 2.5
18 1 3 100 5000000 2.5
19 1 3 100 5000000 2.5
20 1 3 100 5000000 2.5
21 1 3 100 5000000 2.5
22 1 3 100 5000000 2.5
23 1 3 100 5000000 2.5
24 1 3 100 5000000 2.5
25 1 3 100 5000000 2.5
26 1 3 100 5000000 2.5
27 1 3 100 5000000 2.5
28 1 3 100 5000000 2.5
29 1 3 100 5000000 2.5
30 1 3 100 5000000 2.5
31 1 3 100 5000000 2.5
32 1 3 100 5000000 2.5
33 1 3 100 5000000 2.5
34 1 3 100 5000000 2.5
35 1 3 100 5000000 2.5
36 1 3 100 5000000 2.5
37 1 3 100 5000000 2.5
38 1 3 100 5000000 2.5
39 1 3 100 5000000 2.5
40 1 3 100 5000000 2.5
41 1 3 100 5000000 2.5
42 1 3 100 5000000 2.5
43 1 3 100 5000000 2.5
44 1 3 100 5000000 2.5
45 1 3 100 5000000 2.5
46 1 3 100 5000000 2.5
47 1 3 100 5000000 2.5
48 1 3 100 5000000 2.5
49 1 3 100 5000000 2.5
50 1 3 100 5000000 2.5
51 1 3 100 5000000 2.5
52 1 3 100 5000000 2.5
53 1 3 100 5000000 2.5
54 1 3 100 5000000 2.5
55 1 3 100 5000000 2.5
56 1 3 100 5000000 2.5
57 1 3 100 5000000 2.5
58 1 3 100 5000000 2.5
59 1 3 100 5000000 2.5
60 1 3 100 5000000 2.5
61 1 3 100 5000000 2.5
62 1 3 100 5000000 2.5
63 1 3 100 5000000 2.5
64 1 3 100 5000000 2.5
65 1 3 100 5000000 2.5
2 1 3 100 200000000 2.6
3 1 3 100 200000000 2.6
4 1 3 100 150000000 2.6
5 1 3 100 5000000 2.6
6 1 3 100 5000000 2.6
7 1 3 100 5000000 2.6
8 1 3 100 5000000 2.6
9 1 3 100 5000000 2.6
10 1 3 100 5000000 2.6
11 1 3 100 5000000 2.6
12 1 3 100 5000000 2.6
13 1 3 100 5000000 2.6
14 1 3 100 5000000 2.6
15 1 3 100 5000000 2.6
16 1 3 100 5000000 2.6
17 1 3 100 5000000 2.6
18 1 3 100 5000000 2.6
19 1 3 100 5000000 2.6
20 1 3 100 5000000 2.6
21 1 3 100 5000000 2.6
22 1 3 100 5000000 2.6
23 1 3 100 5000000 2.6
24 1 3 100 5000000 2.6
25 1 3 100 5000000 2.6
26 1 3 100 5000000 2.6
27 1 3 100 5000000 2.6
28 1 3 100 5000000 2.6
29 1 3 100 5000000 2.6
30 1 3 100 5000000 2.6
31 1 3 100 5000000 2.6
32 1 3 100 5000000 2.6
33 1 3 100 5000000 2.6
34 1 3 100 5000000 2.6
35 1 3 100 5000000 2.6
36 1 3 100 5000000 2.6
37 1 3 100 5000000 2.6
38 1 3 100 5000000 2.6
39 1 3 100 5000000 2.6
40 1 3 100 5000000 2.6
41 1 3 100 5000000 2.6
42 1 3 100 5000000 2.6
43 1 3 100 5000000 2.6
44 1 3 100 5000000 2.6
45 1 3 100 5000000 2.6
46 1 3 100 5000000 2.6
47 1 3 100 5000000 2.6
48 1 3 100 5000000 2.6
49 1 3 100 5000000 2.6
50 1 3 100 5000000 2.6
51 1 3 100 5000000 2.6
52 1 3 100 5000000 2.6
53 1 3 100 5000000 2.6
54 1 3 100 5000000 2.6
55 1 3 100 5000000 2.6
56 1 3 100 5000000 2.6
57 1 3 100 5000000 2.6
58 1 3 100 5000000 2.6
59 1 3 100 5000000 2.6
60 1 3 100 5000000 2.6
61 1 3 100 5000000 2.6
62 1 3 100 5000000 2.6
63 1 3 100 5000000 2.6
64 1 3 100 5000000 2.6
65 1 3 100 5000000 2.6
2 1 3 100 200000000 2.7
3 1 3 100 200000000 2.7
4 1 3 100 150000000 2.7
5 1 3 100 5000000 2.7
6 1 3 100 5000000 2.7
7 1 3 100 5000000 2.7
8 1 3 100 5000000 2.7
9 1 3 100 5000000 2.7
10 1 3 100 5000000 2.7
11 1 3 100 5000000 2.7
12 1 3 100 5000000 2.7
13 1 3 100 5000000 2.7
14 1 3 100 5000000 2.7
15 1 3 100 5000000 2.7
16 1 3 100 5000000 2.7
17 1 3 100 5000000 2.7
18 1 3 100 5000000 2.7
19 1 3 100 5000000 2.7
20 1 3 100 5000000 2.7
21 1 3 100 5000000 2.7
22 1 3 100 5000000 2.7
23 1 3 100 5000000 2.7
24 1 3 100 5000000 2.7
25 1 3 100 5000000 2.7
26 1 3 100 5000000 2.7
27 1 3 100 5000000 2.7
28 1 3 100 5000000 2.7
29 1 3 100 5000000 2.7
30 1 3 100 5000000 2.7
31 1 3 100 5000000 2.7
32 1 3 100 5000000 2.7
33 1 3 100 5000000 2.7
34 1 3 100 5000000 2.7
35 1 3 100 5000000 2.7
36 1 3 100 5000000 2.7
37 1 3 100 5000000 2.7
38 1 3 100 5000000 2.7
39 1 3 100 5000000 2.7
40 1 3 100 5000000 2.7
41 1 3 100 5000000 2.7
42 1 3 100 5000000 2.7
43 1 3 100 5000000 2.7
44 1 3 100 5000000 2.7
45 1 3 100 5000000 2.7
46 1 3 100 5000000 2.7
47 1 3 100 5000000 2.7
48 1 3 100 5000000 2.7
49 1 3 100 5000000 2.7
50 1 3 100 5000000 2.7
51 1 3 100 5000000 2.7
52 1 3 100 5000000 2.7
53 1 3 100 5000000 2.7
54 1 3 100 5000000 2.7
55 1 3 100 5000000 2.7
56 1 3 100 5000000 2.7
57 1 3 100 5000000 2.7
58 1 3 100 5000000 2.7
59 1 3 100 5000000 2.7
60 1 3 100 5000000 2.7
61 1 3 100 5000000 2.7
62 1 3 100 5000000 2.7
63 1 3 100 5000000 2.7
64 1 3 100 5000000 2.7
65 1 3 100 5000000 2.7
2 1 3 100 200000000 2.8
3 1 3 100 200000000 2.8
4 1 3 100 150000000 2.8
5 1 3 100 5000000 2.8
6 1 3 100 5000000 2.8
7 1 3 100 5000000 2.8
8 1 3 100 5000000 2.8
9 1 3 100 5000000 2.8
10 1 3 100 5000000 2.8
11 1 3 100 5000000 2.8
12 1 3 100 5000000 2.8
13 1 3 100 5000000 2.8
14 1 3 100 5000000 2.8
15 1 3 100 5000000 2.8
16 1 3 100 5000000 2.8
17 1 3 100 5000000 2.8
18 1 3 100 5000000 2.8
19 1 3 100 5000000 2.8
20 1 3 100 5000000 2.8
21 1 3 100 5000000 2.8
22 1 3 100 5000000 2.8
23 1 3 100 5000000 2.8
24 1 3 100 5000000 2.8
25 1 3 100 5000000 2.8
26 1 3 100 5000000 2.8
27 1 3 100 5000000 2.8
28 1 3 100 5000000 2.8
29 1 3 100 5000000 2.8
30 1 3 100 5000000 2.8
31 1 3 100 5000000 2.8
32 1 3 100 5000000 2.8
33 1 3 100 5000000 2.8
34 1 3 100 5000000 2.8
35 1 3 100 5000000 2.8
36 1 3 100 5000000 2.8
37 1 3 100 5000000 2.8
38 1 3 100 5000000 2.8
39 1 3 100 5000000 2.8
40 1 3 100 5000000 2.8
41 1 3 100 5000000 2.8
42 1 3 100 5000000 2.8
43 1 3 100 5000000 2.8
44 1 3 100 5000000 2.8
45 1 3 100 5000000 2.8
46 1 3 100 5000000 2.8
47 1 3 100 5000000 2.8
48 1 3 100 5000000 2.8
49 1 3 100 5000000 2.8
50 1 3 100 5000000 2.8
51 1 3 100 5000000 2.8
52 1 3 100 5000000 2.8
53 1 3 100 5000000 2.8
54 1 3 100 5000000 2.8
55 1 3 100 5000000 2.8
56 1 3 100 5000000 2.8
57 1 3 100 5000000 2.8
58 1 3 100 5000000 2.8
59 1 3 100 5000000 2.8
60 1 3 100 5000000 2.8
61 1 3 100 5000000 2.8
62 1 3 100 5000000 2.8
63 1 3 100 5000000 2.8
64 1 3 100 5000000 2.8
65 1 3 100 5000000 2.8
2 1 3 100 200000000 2.9
3 1 3 100 200000000 2.9
4 1 3 100 150000000 2.9
5 1 3 100 5000000 2.9
6 1 3 100 5000000 2.9
7 1 3 100 5000000 2.9
8 1 3 100 5000000 2.9
9 1 3 100 5000000 2.9
10 1 3 100 5000000 2.9
11 1 3 100 5000000 2.9
12 1 3 100 5000000 2.9
13 1 3 100 5000000 2.9
14 1 3 100 5000000 2.9
15 1 3 100 5000000 2.9
16 1 3 100 5000000 2.9
17 1 3 100 5000000 2.9
18 1 3 100 5000000 2.9
19 1 3 100 5000000 2.9
20 1 3 100 5000000 2.9
21 1 3 100 5000000 2.9
22 1 3 100 5000000 2.9
23 1 3 100 5000000 2.9
24 1 3 100 5000000 2.9
25 1 3 100 5000000 2.9
26 1 3 100 5000000 2.9
27 1 3 100 5000000 2.9
28 1 3 100 5000000 2.9
29 1 3 100 5000000 2.9
30 1 3 100 5000000 2.9
31 1 3 100 5000000 2.9
32 1 3 100 5000000 2.9
33 1 3 100 5000000 2.9
34 1 3 100 5000000 2.9
35 1 3 100 5000000 2.9
36 1 3 100 5000000 2.9
37 1 3 100 5000000 2.9
38 1 3 100 5000000 2.9
39 1 3 100 5000000 2.9
40 1 3 100 5000000 2.9
41 1 3 100 5000000 2.9
42 1 3 100 5000000 2.9
43 1 3 100 5000000 2.9
44 1 3 100 5000000 2.9
45 1 3 100 5000000 2.9
46 1 3 100 5000000 2.9
47 1 3 100 5000000 2.9
48 1 3 100 5000000 2.9
49 1 3 100 5000000 2.9
50 1 3 100 5000000 2.9
51 1 3 100 5000000 2.9
52 1 3 100 5000000 2.9
53 1 3 100 5000000 2.9
54 1 3 100 5000000 2.9
55 1 3 100 5000000 2.9
56 1 3 100 5000000 2.9
57 1 3 100 5000000 2.9
58 1 3 100 5000000 2.9
59 1 3 100 5000000 2.9
60 1 3 100 5000000 2.9
61 1 3 100 5000000 2.9
62 1 3 100 5000000 2.9
63 1 3 100 5000000 2.9
64 1 3 100 5000000 2.9
65 1 3 100 5000000 2.9
2 1 3 100 200000000 3.0
3 1 3 100 200000000 3.0
4 1 3 100 150000000 3.0
5 1 3 100 5000000 3.0
6 1 3 100 5000000 3.0
7 1 3 100 5000000 3.0
8 1 3 100 5000000 3.0
9 1 3 100 5000000 3.0
10 1 3 100 5000000 3.0
11 1 3 100 5000000 3.0
12 1 3 100 5000000 3.0
13 1 3 100 5000000 3.0
14 1 3 100 5000000 3.0
15 1 3 100 5000000 3.0
16 1 3 100 5000000 3.0
17 1 3 100 5000000 3.0
18 1 3 100 5000000 3.0
19 1 3 100 5000000 3.0
20 1 3 100 5000000 3.0
21 1 3 100 5000000 3.0
22 1 3 100 5000000 3.0
23 1 3 100 5000000 3.0
24 1 3 100 5000000 3.0
25 1 3 100 5000000 3.0
26 1 3 100 5000000 3.0
27 1 3 100 5000000 3.0
28 1 3 100 5000000 3.0
29 1 3 100 5000000 3.0
30 1 3 100 5000000 3.0
31 1 3 100 5000000 3.0
32 1 3 100 5000000 3.0
33 1 3 100 5000000 3.0
34 1 3 100 5000000 3.0
35 1 3 100 5000000 3.0
36 1 3 100 5000000 3.0
37 1 3 100 5000000 3.0
38 1 3 100 5000000 3.0
39 1 3 100 5000000 3.0
40 1 3 100 5000000 3.0
41 1 3 100 5000000 3.0
42 1 3 100 5000000 3.0
43 1 3 100 5000000 3.0
44 1 3 100 5000000 3.0
45 1 3 100 5000000 3.0
46 1 3 100 5000000 3.0
47 1 3 100 5000000 3.0
48 1 3 100 5000000 3.0
49 1 3 100 5000000 3.0
50 1 3 100 5000000 3.0
51 1 3 100 5000000 3.0
52 1 3 100 5000000 3.0
53 1 3 100 5000000 3.0
54 1 3 100 5000000 3.0
55 1 3 100 5000000 3.0
56 1 3 100 5000000 3.0
57 1 3 100 5000000 3.0
58 1 3 100 5000000 3.0
59 1 3 100 5000000 3.0
60 1 3 100 5000000 3.0
61 1 3 100 5000000 3.0
62 1 3 100 5000000 3.0
63 1 3 100 5000000 3.0
64 1 3 100 5000000 3.0
65 1 3 100 5000000 3.0

First line: # of flows
src0 dst0 3 dst_port0 size0 start_time0
src1 dst1 3 dst_port1 size1 start_time1
...

Please order the flows in ascending start_time!
